-0.223724
0.209041
0.344723
-0.852344
0.667879
-0.078606
-0.357002
-0.212114
0.724981
0.773117
0.006389
-0.360275
0.131659
-0.962095
-0.763906
-0.431302
-0.920587
0.315151
-0.612350
-0.346930
-0.443708
0.239956
-0.671697
-0.404013
0.668948
-0.010171
-0.174908
-0.212012
-0.899152
-0.243822
9.667692
7.807153
1.064914
7.332850
3.873299
8.496537
8.700033
5.203345
7.363646
8.867447
7.070666
8.174427
7.736931
6.749966
9.344246
7.812245
6.830897
7.581982
7.858923
6.711642
5.212491
5.060948
5.954663
7.780312
7.319229
7.614796
9.278905
6.690963
3.730986
3.979184
8.447332
9.150533
8.034257
5.874689
-0.609938
7.527805
6.654158
0.583782
5.848114
10.000465
9.329867
6.642519
4.687790
7.990893
8.351114
6.609466
5.767944
6.350507
7.601356
7.767610
7.249829
8.355992
7.179011
6.894813
7.518343
6.533966
9.137179
8.143429
5.929749
6.789252
7.911273
7.285590
7.534596
6.891421
4.871373
9.226129
8.445722
-0.707371
8.199776
9.042839
5.997070
8.278283
10.100418
8.603196
7.883712
9.423226
9.158645
0.185000
6.805826
6.409891
-0.576122
7.363024
6.397234
8.192450
7.814663
7.477558
5.605694
8.084894
7.277161
4.944590
10.429904
6.354888
9.981072
7.808793
-0.210194
4.355952
7.120689
1.603088
8.320512
1.728975
8.963849
7.924502
7.475418
8.908620
7.056932
6.046873
6.864885
-1.364135
7.330126
6.636563
5.590064
7.848465
2.487944
8.510304
10.164516
8.528073
7.474118
8.441391
8.320509
7.777564
8.137571
6.073248
7.272145
6.958238
8.593725
8.654120
8.052467
-1.178783
6.434268
8.418085
6.912685
8.603331
8.308245
5.537252
4.880679
9.925719
6.674954
5.810897
7.606434
6.865580
5.542794
4.731470
5.801699
7.133706
2.765513
9.533214
7.961538
8.691708
9.418666
9.150414
8.591813
4.419296
6.891851
5.482060
7.511893
5.781994
7.639705
1.163268
7.379144
8.935934
8.056555
8.054662
8.153371
4.297298
7.730558
7.118980
6.576058
-2.446713
6.316464
9.441767
8.530231
8.088354
6.913037
9.316628
9.457366
6.891464
9.418566
6.976516
6.138909
9.024019
3.866472
6.458939
9.463444
7.419348
5.949911
5.866084
7.196759
2.368939
9.532034
8.266079
8.688746
7.243637
8.041924
9.571871
8.621826
7.541871
7.629850
6.524453
6.758715
7.304508
6.213116
5.727887
7.269503
8.809081
7.062738
8.487524
5.184726
5.673206
0.712071
7.783369
9.405050
7.655302
8.626881
4.418340
6.782886
7.774840
8.539164
-0.664174
2.637314
8.494120
8.626017
8.227122
7.094702
8.068763
9.166881
9.000827
6.642314
1.735052
6.003034
7.027615
8.050300
7.502708
7.161544
9.120214
9.153583
7.753094
1.345745
8.823724
7.311887
5.692247
8.039848
8.588074
10.058091
6.163447
5.003896
9.719060
4.813888
-0.554331
7.204000
8.327148
8.559081
8.034109
9.086945
9.108454
6.122607
5.834374
7.388879
1.750055
6.217330
6.190666
7.799992
8.254313
-0.405334
9.120005
8.854975
7.612623
7.399573
8.762105
9.503190
3.661843
